
obj/kern/kernel:     file format elf32-i386

Contents of .stab section:

Symnum n_type n_othr n_desc n_value  n_strx String

-1     HdrSym 0      1215   000018ef 1     
0      SO     0      0      f0100000 1      {standard input}
1      SOL    0      0      f010000c 18     kern/entry.S
2      SLINE  0      44     f010000c 0      
3      SLINE  0      57     f0100015 0      
4      SLINE  0      58     f010001a 0      
5      SLINE  0      60     f010001d 0      
6      SLINE  0      61     f0100020 0      
7      SLINE  0      62     f0100025 0      
8      SLINE  0      67     f0100028 0      
9      SLINE  0      68     f010002d 0      
10     SLINE  0      74     f010002f 0      
11     SLINE  0      77     f0100034 0      
12     SLINE  0      80     f0100039 0      
13     SLINE  0      83     f010003e 0      
14     SO     0      2      f0100040 31     kern/entrypgdir.c
15     OPT    0      0      00000000 49     gcc2_compiled.
16     LSYM   0      0      00000000 64     int:t(0,1)=r(0,1);-2147483648;2147483647;
17     LSYM   0      0      00000000 106    char:t(0,2)=r(0,2);0;127;
18     LSYM   0      0      00000000 132    long int:t(0,3)=r(0,3);-2147483648;2147483647;
19     LSYM   0      0      00000000 179    unsigned int:t(0,4)=r(0,4);0;4294967295;
20     LSYM   0      0      00000000 220    long unsigned int:t(0,5)=r(0,5);0;4294967295;
21     LSYM   0      0      00000000 266    long long int:t(0,6)=r(0,6);-0;4294967295;
22     LSYM   0      0      00000000 309    long long unsigned int:t(0,7)=r(0,7);0;-1;
23     LSYM   0      0      00000000 352    short int:t(0,8)=r(0,8);-32768;32767;
24     LSYM   0      0      00000000 390    short unsigned int:t(0,9)=r(0,9);0;65535;
25     LSYM   0      0      00000000 432    signed char:t(0,10)=r(0,10);-128;127;
26     LSYM   0      0      00000000 470    unsigned char:t(0,11)=r(0,11);0;255;
27     LSYM   0      0      00000000 507    float:t(0,12)=r(0,1);4;0;
28     LSYM   0      0      00000000 533    double:t(0,13)=r(0,1);8;0;
29     LSYM   0      0      00000000 560    long double:t(0,14)=r(0,1);12;0;
30     LSYM   0      0      00000000 593    _Decimal32:t(0,15)=r(0,1);4;0;
31     LSYM   0      0      00000000 624    _Decimal64:t(0,16)=r(0,1);8;0;
32     LSYM   0      0      00000000 655    _Decimal128:t(0,17)=r(0,1);16;0;
33     LSYM   0      0      00000000 688    void:t(0,18)=(0,18)
34     BINCL  0      0      000159c2 708    ./inc/mmu.h
35     BINCL  0      0      0000607a 720    ./inc/types.h
36     LSYM   0      0      00000000 734    bool:t(2,1)=(2,2)=eFalse:0,True:1,;
37     LSYM   0      0      00000000 770     :T(2,3)=efalse:0,true:1,;
38     LSYM   0      0      00000000 797    int8_t:t(2,4)=(0,10)
39     LSYM   0      0      00000000 818    uint8_t:t(2,5)=(0,11)
40     LSYM   0      0      00000000 840    int16_t:t(2,6)=(0,8)
41     LSYM   0      0      00000000 861    uint16_t:t(2,7)=(0,9)
42     LSYM   0      0      00000000 883    int32_t:t(2,8)=(0,1)
43     LSYM   0      0      00000000 904    uint32_t:t(2,9)=(0,4)
44     LSYM   0      0      00000000 926    int64_t:t(2,10)=(0,6)
45     LSYM   0      0      00000000 948    uint64_t:t(2,11)=(0,7)
46     LSYM   0      0      00000000 971    intptr_t:t(2,12)=(2,8)
47     LSYM   0      0      00000000 994    uintptr_t:t(2,13)=(2,9)
48     LSYM   0      0      00000000 1018   physaddr_t:t(2,14)=(2,9)
49     LSYM   0      0      00000000 1043   ppn_t:t(2,15)=(2,9)
50     LSYM   0      0      00000000 1063   size_t:t(2,16)=(2,9)
51     LSYM   0      0      00000000 1084   ssize_t:t(2,17)=(2,8)
52     LSYM   0      0      00000000 1106   off_t:t(2,18)=(2,8)
53     EINCL  0      0      00000000 0      
54     LSYM   0      0      00000000 1126   Segdesc:T(1,1)=s8sd_lim_15_0:(0,4),0,16;sd_base_15_0:(0,4),16,16;sd_base_23_16:(0,4),32,8;sd_type:(0,4),40,4;sd_s:(0,4),44,1;sd_dpl:(0,4),45,2;sd_p:(0,4),47,1;sd_lim_19_16:(0,4),48,4;sd_avl:(0,4),52,1;sd_rsv1:(0,4),53,1;sd_db:(0,4),54,1;sd_g:(0,4),55,1;sd_base_31_24:(0,4),56,8;;
55     LSYM   0      0      00000000 1406   Taskstate:T(1,2)=s104ts_link:(2,9),0,32;ts_esp0:(2,13),32,32;ts_ss0:(2,7),64,16;ts_padding1:(2,7),80,16;ts_esp1:(2,13),96,32;ts_ss1:(2,7),128,16;ts_padding2:(2,7),144,16;ts_esp2:(2,13),160,32;ts_ss2:(2,7),192,16;ts_padding3:(2,7),208,16;ts_cr3:(2,14),224,32;ts_eip:(2,13),256,32;ts_eflags:(2,9),288,32;ts_eax:(2,9),320,32;ts_ecx:(2,9),352,32;ts_edx:(2,9),384,32;ts_ebx:(2,9),416,32;ts_esp:(2,13),448,32;ts_ebp:(2,13),480,32;ts_esi:(2,9),512,32;ts_edi:(2,9),544,32;ts_es:(2,7),576,16;ts_padding4:(2,7),592,16;ts_cs:(2,7),608,16;ts_padding5:(2,7),624,16;ts_ss:(2,7),640,16;ts_padding6:(2,7),656,16;ts_ds:(2,7),672,16;ts_padding7:(2,7),688,16;ts_fs:(2,7),704,16;ts_padding8:(2,7),720,16;ts_gs:(2,7),736,16;ts_padding9:(2,7),752,16;ts_ldt:(2,7),768,16;ts_padding10:(2,7),784,16;ts_t:(2,7),800,16;ts_iomb:(2,7),816,16;;
56     LSYM   0      0      00000000 2221   Gatedesc:T(1,3)=s8gd_off_15_0:(0,4),0,16;gd_sel:(0,4),16,16;gd_args:(0,4),32,5;gd_rsv1:(0,4),37,3;gd_type:(0,4),40,4;gd_s:(0,4),44,1;gd_dpl:(0,4),45,2;gd_p:(0,4),47,1;gd_off_31_16:(0,4),48,16;;
57     LSYM   0      0      00000000 2415   Pseudodesc:T(1,4)=s6pd_lim:(2,7),0,16;pd_base:(2,9),16,32;;
58     EINCL  0      0      00000000 0      
59     BINCL  0      0      000008c7 2475   ./inc/memlayout.h
60     LSYM   0      0      00000000 2493   pte_t:t(3,1)=(2,9)
61     LSYM   0      0      00000000 2512   pde_t:t(3,2)=(2,9)
62     EINCL  0      0      00000000 0      
63     GSYM   0      0      00000000 2531   entry_pgtable:G(0,19)=ar(0,20)=r(0,20);0;4294967295;;0;1023;(3,1)
64     GSYM   0      0      00000000 2597   entry_pgdir:G(0,21)=ar(0,20);0;1023;(3,2)
65     SO     0      0      f0100040 0      
66     SO     0      2      f0100040 2639   kern/init.c
67     OPT    0      0      00000000 49     gcc2_compiled.
68     LSYM   0      0      00000000 64     int:t(0,1)=r(0,1);-2147483648;2147483647;
69     LSYM   0      0      00000000 106    char:t(0,2)=r(0,2);0;127;
70     LSYM   0      0      00000000 132    long int:t(0,3)=r(0,3);-2147483648;2147483647;
71     LSYM   0      0      00000000 179    unsigned int:t(0,4)=r(0,4);0;4294967295;
72     LSYM   0      0      00000000 220    long unsigned int:t(0,5)=r(0,5);0;4294967295;
73     LSYM   0      0      00000000 266    long long int:t(0,6)=r(0,6);-0;4294967295;
74     LSYM   0      0      00000000 309    long long unsigned int:t(0,7)=r(0,7);0;-1;
75     LSYM   0      0      00000000 352    short int:t(0,8)=r(0,8);-32768;32767;
76     LSYM   0      0      00000000 390    short unsigned int:t(0,9)=r(0,9);0;65535;
77     LSYM   0      0      00000000 432    signed char:t(0,10)=r(0,10);-128;127;
78     LSYM   0      0      00000000 470    unsigned char:t(0,11)=r(0,11);0;255;
79     LSYM   0      0      00000000 507    float:t(0,12)=r(0,1);4;0;
80     LSYM   0      0      00000000 533    double:t(0,13)=r(0,1);8;0;
81     LSYM   0      0      00000000 560    long double:t(0,14)=r(0,1);12;0;
82     LSYM   0      0      00000000 593    _Decimal32:t(0,15)=r(0,1);4;0;
83     LSYM   0      0      00000000 624    _Decimal64:t(0,16)=r(0,1);8;0;
84     LSYM   0      0      00000000 655    _Decimal128:t(0,17)=r(0,1);16;0;
85     LSYM   0      0      00000000 688    void:t(0,18)=(0,18)
86     BINCL  0      0      00000000 2651   ./inc/stdio.h
87     BINCL  0      0      00000650 2665   ./inc/stdarg.h
88     LSYM   0      0      00000000 2680   va_list:t(2,1)=(2,2)=*(0,2)
89     EINCL  0      0      00000000 0      
90     EINCL  0      0      00000000 0      
91     BINCL  0      0      00000000 2708   ./inc/string.h
92     EXCL   0      0      0000607a 720    ./inc/types.h
93     EINCL  0      0      00000000 0      
94     FUN    0      0      f0100040 2723   test_backtrace:F(0,18)
95     PSYM   0      0      00000008 2746   x:p(0,1)
96     SLINE  0      13     00000000 0      
97     SLINE  0      14     0000000a 0      
98     SLINE  0      15     0000001a 0      
99     SLINE  0      16     0000001e 0      
100    SLINE  0      18     0000002b 0      
101    SLINE  0      19     00000047 0      
102    SLINE  0      20     00000057 0      
103    RSYM   0      0      00000003 2755   x:r(0,1)
104    FUN    0      0      f010009d 2764   i386_init:F(0,18)
105    SLINE  0      24     00000000 0      
106    SLINE  0      30     00000006 0      
107    SLINE  0      34     00000028 0      
108    SLINE  0      36     0000002d 0      
109    SLINE  0      39     00000041 0      
110    SLINE  0      43     0000004d 0      
111    FUN    0      0      f01000f8 2782   _panic:F(0,18)
112    PSYM   0      0      00000008 2797   file:p(0,19)=*(0,2)
113    PSYM   0      0      0000000c 2817   line:p(0,1)
114    PSYM   0      0      00000010 2829   fmt:p(0,19)
115    SLINE  0      59     00000000 0      
116    SLINE  0      62     0000000b 0      
117    SLINE  0      64     00000014 0      
118    SLINE  0      67     0000001a 0      
119    SLINE  0      69     0000001c 0      
120    SLINE  0      70     0000001f 0      
121    SLINE  0      71     00000039 0      
122    SLINE  0      72     00000045 0      
123    SLINE  0      78     00000051 0      
124    RSYM   0      0      00000000 2841   file:r(0,19)
125    RSYM   0      0      00000000 2854   line:r(0,1)
126    RSYM   0      0      00000006 2866   fmt:r(0,19)
127    FUN    0      0      f0100157 2878   _warn:F(0,18)
128    PSYM   0      0      00000008 2892   file:p(0,19)
129    PSYM   0      0      0000000c 2817   line:p(0,1)
130    PSYM   0      0      00000010 2829   fmt:p(0,19)
131    SLINE  0      84     00000000 0      
132    SLINE  0      87     00000007 0      
133    SLINE  0      88     0000000a 0      
134    SLINE  0      89     00000024 0      
135    SLINE  0      90     00000033 0      
136    SLINE  0      92     0000003f 0      
137    RSYM   0      0      00000000 2841   file:r(0,19)
138    RSYM   0      0      00000000 2854   line:r(0,1)
139    RSYM   0      0      00000000 2866   fmt:r(0,19)
140    GSYM   0      0      00000000 2905   panicstr:G(0,19)
141    SO     0      0      f010019c 0      
142    SO     0      2      f01001a0 2922   kern/console.c
143    OPT    0      0      00000000 49     gcc2_compiled.
144    LSYM   0      0      00000000 64     int:t(0,1)=r(0,1);-2147483648;2147483647;
145    LSYM   0      0      00000000 106    char:t(0,2)=r(0,2);0;127;
146    LSYM   0      0      00000000 132    long int:t(0,3)=r(0,3);-2147483648;2147483647;
147    LSYM   0      0      00000000 179    unsigned int:t(0,4)=r(0,4);0;4294967295;
148    LSYM   0      0      00000000 220    long unsigned int:t(0,5)=r(0,5);0;4294967295;
149    LSYM   0      0      00000000 266    long long int:t(0,6)=r(0,6);-0;4294967295;
150    LSYM   0      0      00000000 309    long long unsigned int:t(0,7)=r(0,7);0;-1;
151    LSYM   0      0      00000000 352    short int:t(0,8)=r(0,8);-32768;32767;
152    LSYM   0      0      00000000 390    short unsigned int:t(0,9)=r(0,9);0;65535;
153    LSYM   0      0      00000000 432    signed char:t(0,10)=r(0,10);-128;127;
154    LSYM   0      0      00000000 470    unsigned char:t(0,11)=r(0,11);0;255;
155    LSYM   0      0      00000000 507    float:t(0,12)=r(0,1);4;0;
156    LSYM   0      0      00000000 533    double:t(0,13)=r(0,1);8;0;
157    LSYM   0      0      00000000 560    long double:t(0,14)=r(0,1);12;0;
158    LSYM   0      0      00000000 593    _Decimal32:t(0,15)=r(0,1);4;0;
159    LSYM   0      0      00000000 624    _Decimal64:t(0,16)=r(0,1);8;0;
160    LSYM   0      0      00000000 655    _Decimal128:t(0,17)=r(0,1);16;0;
161    LSYM   0      0      00000000 688    void:t(0,18)=(0,18)
162    BINCL  0      0      00000000 2937   ./inc/x86.h
163    EXCL   0      0      0000607a 720    ./inc/types.h
164    EINCL  0      0      00000000 0      
165    EXCL   0      0      000008c7 2475   ./inc/memlayout.h
166    EXCL   0      0      000159c2 708    ./inc/mmu.h
167    BINCL  0      0      00000000 2949   ./inc/assert.h
168    EXCL   0      0      00000000 2651   ./inc/stdio.h
169    EXCL   0      0      00000650 2665   ./inc/stdarg.h
170    EINCL  0      0      00000000 0      
171    FUN    0      0      f01001a0 2964   serial_proc_data:f(0,1)
172    SLINE  0      52     00000000 0      
173    SOL    0      0      f01001a3 2937   ./inc/x86.h
174    SLINE  0      16     00000003 0      
175    SOL    0      0      f01001a9 2922   kern/console.c
176    SLINE  0      53     00000009 0      
177    SOL    0      0      f01001ad 2937   ./inc/x86.h
178    SLINE  0      16     0000000d 0      
179    SOL    0      0      f01001b0 2922   kern/console.c
180    SLINE  0      55     00000010 0      
181    SLINE  0      54     00000015 0      
182    SLINE  0      56     0000001a 0      
183    FUN    0      0      f01001bc 2988   cons_intr:f(0,18)
184    RSYM   0      0      00000003 3006   proc:P(0,19)=*(0,20)=f(0,1)
185    SLINE  0      397    00000000 0      
186    SLINE  0      400    00000009 0      
187    SLINE  0      401    0000000b 0      
188    SLINE  0      403    0000000f 0      
189    SLINE  0      404    00000023 0      
190    SLINE  0      405    0000002b 0      
191    SLINE  0      400    00000035 0      
192    SLINE  0      407    0000003e 0      
193    RSYM   0      0      00000002 3034   c:r(0,1)
194    LBRAC  0      0      00000000 0      
195    RBRAC  0      0      00000044 0      
196    FUN    0      0      f0100200 3043   kbd_proc_data:f(0,1)
197    SLINE  0      317    00000000 0      
198    SOL    0      0      f0100200 2937   ./inc/x86.h
199    SLINE  0      16     00000000 0      
200    SOL    0      0      f0100206 2922   kern/console.c
201    SLINE  0      323    00000006 0      
202    SLINE  0      326    0000000e 0      
203    SOL    0      0      f0100216 2937   ./inc/x86.h
204    SLINE  0      16     00000016 0      
205    SOL    0      0      f010021b 2922   kern/console.c
206    SLINE  0      331    0000001b 0      
207    SLINE  0      333    0000001f 0      
208    SLINE  0      334    00000026 0      
209    SLINE  0      365    0000002b 0      
210    SLINE  0      317    0000002c 0      
211    SLINE  0      335    00000033 0      
212    SLINE  0      337    00000037 0      
213    SLINE  0      338    0000004a 0      
214    SLINE  0      339    00000064 0      
215    SLINE  0      340    0000006e 0      
216    SLINE  0      342    00000079 0      
217    SLINE  0      343    0000007e 0      
218    SLINE  0      346    00000087 0      
219    SLINE  0      347    00000097 0      
220    SLINE  0      349    000000a5 0      
221    SLINE  0      350    000000b8 0      
222    SLINE  0      351    000000bc 0      
223    SLINE  0      352    000000c6 0      
224    SLINE  0      353    000000cb 0      
225    SLINE  0      354    000000ce 0      
226    SLINE  0      359    000000d7 0      
227    SLINE  0      364    000000db 0      
228    SLINE  0      359    000000dd 0      
229    SLINE  0      359    000000e2 0      
230    SLINE  0      360    000000ea 0      
231    SOL    0      0      f01002f6 2937   ./inc/x86.h
232    SLINE  0      66     000000f6 0      
233    SOL    0      0      f0100301 2922   kern/console.c
234    SLINE  0      364    00000101 0      
235    SLINE  0      324    00000105 0      
236    SLINE  0      327    0000010b 0      
237    SLINE  0      365    00000111 0      
238    RSYM   0      0      00000003 3034   c:r(0,1)
239    RSYM   0      0      00000002 3064   data:r(2,5)
240    LCSYM  0      0      f0112300 3076   shift:V(2,9)
241    LBRAC  0      0      00000000 0      
242    RBRAC  0      0      00000117 0      
243    FUN    0      0      f0100317 3089   cons_putc:f(0,18)
244    RSYM   0      0      00000007 3107   c:P(0,1)
245    SLINE  0      434    00000000 0      
246    SLINE  0      434    0000000b 0      
247    SOL    0      0      f0100327 2937   ./inc/x86.h
248    SLINE  0      16     00000010 0      
249    SOL    0      0      f010033c 2922   kern/console.c
250    SLINE  0      70     00000025 0      
251    SLINE  0      71     00000029 0      
252    SLINE  0      75     0000002e 0      
253    SOL    0      0      f010034d 2937   ./inc/x86.h
254    SLINE  0      66     00000036 0      
255    SLINE  0      16     00000041 0      
256    SOL    0      0      f010036d 2922   kern/console.c
257    SLINE  0      116    00000056 0      
258    SOL    0      0      f0100376 2937   ./inc/x86.h
259    SLINE  0      66     0000005f 0      
260    SOL    0      0      f010038e 2922   kern/console.c
261    SLINE  0      166    00000077 0      
262    SLINE  0      167    0000007f 0      
263    SLINE  0      169    00000089 0      
264    SLINE  0      171    000000b5 0      
265    SLINE  0      172    000000c5 0      
266    SLINE  0      173    000000ce 0      
267    SLINE  0      177    000000e5 0      
268    SLINE  0      180    000000ed 0      
269    SLINE  0      183    0000010b 0      
270    SLINE  0      184    00000115 0      
271    SLINE  0      185    0000011f 0      
272    SLINE  0      186    00000129 0      
273    SLINE  0      187    00000133 0      
274    SLINE  0      190    0000013f 0      
275    SLINE  0      195    0000015d 0      
276    SLINE  0      198    00000168 0      
277    SLINE  0      200    00000187 0      
278    SLINE  0      199    0000018d 0      
279    SLINE  0      200    00000192 0      
280    SLINE  0      199    00000198 0      
281    SLINE  0      201    000001a2 0      
282    SLINE  0      205    000001aa 0      
283    SOL    0      0      f01004c7 2937   ./inc/x86.h
284    SLINE  0      66     000001b0 0      
285    SOL    0      0      f01004cf 2922   kern/console.c
286    SLINE  0      206    000001b8 0      
287    SOL    0      0      f01004df 2937   ./inc/x86.h
288    SLINE  0      66     000001c8 0      
289    SOL    0      0      f01004ef 2922   kern/console.c
290    SLINE  0      438    000001d8 0      
291    RSYM   0      0      00000000 3116   i:r(0,1)
292    LBRAC  0      0      00000168 0      
293    RBRAC  0      0      000001aa 0      
294    FUN    0      0      f01004f7 3125   serial_intr:F(0,18)
295    SLINE  0      60     00000000 0      
296    SLINE  0      61     00000000 0      
297    SLINE  0      60     00000009 0      
298    SLINE  0      62     0000000f 0      
299    SLINE  0      63     00000019 0      
300    FUN    0      0      f0100513 3145   kbd_intr:F(0,18)
301    SLINE  0      369    00000000 0      
302    SLINE  0      370    00000006 0      
303    SLINE  0      371    00000010 0      
304    FUN    0      0      f0100525 3162   cons_getc:F(0,1)
305    SLINE  0      412    00000000 0      
306    SLINE  0      418    00000006 0      
307    SLINE  0      419    0000000b 0      
308    SLINE  0      422    00000010 0      
309    SLINE  0      423    0000001d 0      
310    SLINE  0      426    0000002d 0      
311    SLINE  0      424    0000002f 0      
312    SLINE  0      425    00000037 0      
313    SLINE  0      428    00000043 0      
314    SLINE  0      429    00000048 0      
315    RSYM   0      0      00000001 3034   c:r(0,1)
316    LBRAC  0      0      00000000 0      
317    RBRAC  0      0      0000004a 0      
318    FUN    0      0      f010056f 3179   cons_init:F(0,18)
319    SLINE  0      443    00000000 0      
320    SLINE  0      140    00000009 0      
321    SLINE  0      141    00000010 0      
322    SLINE  0      142    00000019 0      
323    SLINE  0      144    00000026 0      
324    SLINE  0      143    00000030 0      
325    SLINE  0      146    00000037 0      
326    SLINE  0      147    0000003e 0      
327    SLINE  0      139    00000048 0      
328    SLINE  0      151    0000004d 0      
329    SOL    0      0      f01005c2 2937   ./inc/x86.h
330    SLINE  0      66     00000053 0      
331    SOL    0      0      f01005ca 2922   kern/console.c
332    SLINE  0      152    0000005b 0      
333    SOL    0      0      f01005cd 2937   ./inc/x86.h
334    SLINE  0      16     0000005e 0      
335    SOL    0      0      f01005d0 2922   kern/console.c
336    SLINE  0      152    00000061 0      
337    SOL    0      0      f01005d6 2937   ./inc/x86.h
338    SLINE  0      66     00000067 0      
339    SLINE  0      16     0000006f 0      
340    SOL    0      0      f01005e1 2922   kern/console.c
341    SLINE  0      156    00000072 0      
342    SLINE  0      154    00000078 0      
343    SLINE  0      157    0000007d 0      
344    SOL    0      0      f01005f3 2937   ./inc/x86.h
345    SLINE  0      66     00000084 0      
346    SLINE  0      16     000000c6 0      
347    SOL    0      0      f0100638 2922   kern/console.c
348    SLINE  0      99     000000c9 0      
349    SOL    0      0      f0100643 2937   ./inc/x86.h
350    SLINE  0      16     000000d4 0      
351    SOL    0      0      f0100649 2922   kern/console.c
352    SLINE  0      448    000000da 0      
353    SLINE  0      449    000000de 0      
354    SLINE  0      450    000000ea 0      
355    RSYM   0      0      00000007 3197   cp:r(0,21)=*(2,7)
356    RSYM   0      0      00000002 3215   was:r(2,7)
357    LBRAC  0      0      00000009 0      
358    RBRAC  0      0      00000084 0      
359    FUN    0      0      f0100661 3226   cputchar:F(0,18)
360    PSYM   0      0      00000008 3243   c:p(0,1)
361    SLINE  0      457    00000000 0      
362    SLINE  0      458    00000006 0      
363    SLINE  0      459    0000000e 0      
364    FUN    0      0      f0100671 3252   getchar:F(0,1)
365    SLINE  0      463    00000000 0      
366    SLINE  0      466    00000006 0      
367    SLINE  0      469    0000000f 0      
368    RSYM   0      0      00000000 3034   c:r(0,1)
369    LBRAC  0      0      00000000 0      
370    RBRAC  0      0      00000011 0      
371    FUN    0      0      f0100682 3267   iscons:F(0,1)
372    PSYM   0      0      00000008 3281   fdnum:p(0,1)
373    SLINE  0      473    00000000 0      
374    SLINE  0      476    00000003 0      
375    LCSYM  0      0      f0112534 3294   serial_exists:S(2,1)
376    LCSYM  0      0      f0112530 3315   addr_6845:S(0,4)
377    LCSYM  0      0      f011252c 3332   crt_buf:S(0,22)=*(2,7)
378    LCSYM  0      0      f0112528 3355   crt_pos:S(2,7)
379    STSYM  0      0      f0101b20 3370   shiftcode:S(0,23)=ar(0,24)=r(0,24);0;4294967295;;0;255;(2,5)
380    STSYM  0      0      f0101a20 3431   togglecode:S(0,23)
381    STSYM  0      0      f0112200 3450   normalmap:S(0,23)
382    STSYM  0      0      f0112100 3468   shiftmap:S(0,23)
383    STSYM  0      0      f0112000 3485   ctlmap:S(0,23)
384    STSYM  0      0      f0101a00 3500   charcode:S(0,25)=ar(0,24);0;3;(0,26)=*(2,5)
385    LCSYM  0      0      f0112320 3544   cons:S(0,27)=s520buf:(0,28)=ar(0,24);0;511;(2,5),0,4096;rpos:(2,9),4096,32;wpos:(2,9),4128,32;;
386    SO     0      0      f010068c 0      
387    SO     0      2      f0100690 3640   kern/monitor.c
388    OPT    0      0      00000000 49     gcc2_compiled.
389    LSYM   0      0      00000000 64     int:t(0,1)=r(0,1);-2147483648;2147483647;
390    LSYM   0      0      00000000 106    char:t(0,2)=r(0,2);0;127;
391    LSYM   0      0      00000000 132    long int:t(0,3)=r(0,3);-2147483648;2147483647;
392    LSYM   0      0      00000000 179    unsigned int:t(0,4)=r(0,4);0;4294967295;
393    LSYM   0      0      00000000 220    long unsigned int:t(0,5)=r(0,5);0;4294967295;
394    LSYM   0      0      00000000 266    long long int:t(0,6)=r(0,6);-0;4294967295;
395    LSYM   0      0      00000000 309    long long unsigned int:t(0,7)=r(0,7);0;-1;
396    LSYM   0      0      00000000 352    short int:t(0,8)=r(0,8);-32768;32767;
397    LSYM   0      0      00000000 390    short unsigned int:t(0,9)=r(0,9);0;65535;
398    LSYM   0      0      00000000 432    signed char:t(0,10)=r(0,10);-128;127;
399    LSYM   0      0      00000000 470    unsigned char:t(0,11)=r(0,11);0;255;
400    LSYM   0      0      00000000 507    float:t(0,12)=r(0,1);4;0;
401    LSYM   0      0      00000000 533    double:t(0,13)=r(0,1);8;0;
402    LSYM   0      0      00000000 560    long double:t(0,14)=r(0,1);12;0;
403    LSYM   0      0      00000000 593    _Decimal32:t(0,15)=r(0,1);4;0;
404    LSYM   0      0      00000000 624    _Decimal64:t(0,16)=r(0,1);8;0;
405    LSYM   0      0      00000000 655    _Decimal128:t(0,17)=r(0,1);16;0;
406    LSYM   0      0      00000000 688    void:t(0,18)=(0,18)
407    EXCL   0      0      00000000 2651   ./inc/stdio.h
408    EXCL   0      0      00000650 2665   ./inc/stdarg.h
409    EXCL   0      0      00000000 2708   ./inc/string.h
410    EXCL   0      0      0000607a 720    ./inc/types.h
411    EXCL   0      0      000008c7 2475   ./inc/memlayout.h
412    EXCL   0      0      000159c2 708    ./inc/mmu.h
413    BINCL  0      0      0000300f 3655   ./kern/kdebug.h
414    LSYM   0      0      00000000 3671   Eipdebuginfo:T(7,1)=s24eip_file:(7,2)=*(0,2),0,32;eip_line:(0,1),32,32;eip_fn_name:(7,2),64,32;eip_fn_namelen:(0,1),96,32;eip_fn_addr:(4,13),128,32;eip_fn_narg:(0,1),160,32;;
415    EINCL  0      0      00000000 0      
416    LSYM   0      0      00000000 3846   Command:T(0,19)=s12name:(7,2),0,32;desc:(7,2),32,32;func:(0,20)=*(0,21)=f(0,1),64,32;;
417    FUN    0      0      f0100690 3933   mon_help:F(0,1)
418    PSYM   0      0      00000008 3949   argc:p(0,1)
419    PSYM   0      0      0000000c 3961   argv:p(0,22)=*(2,2)
420    PSYM   0      0      00000010 3981   tf:p(0,23)=*(0,24)=xsTrapframe:
421    SLINE  0      33     00000000 0      
422    SLINE  0      37     00000006 0      
423    SLINE  0      39     0000003e 0      
424    FUN    0      0      f01006d5 4013   mon_kerninfo:F(0,1)
425    PSYM   0      0      00000008 3949   argc:p(0,1)
426    PSYM   0      0      0000000c 4033   argv:p(0,22)
427    PSYM   0      0      00000010 4046   tf:p(0,23)
428    SLINE  0      43     00000000 0      
429    SLINE  0      46     00000006 0      
430    SLINE  0      47     00000012 0      
431    SLINE  0      48     00000026 0      
432    SLINE  0      49     00000042 0      
433    SLINE  0      50     0000005e 0      
434    SLINE  0      51     0000007a 0      
435    SLINE  0      53     00000096 0      
436    SLINE  0      52     000000a5 0      
437    SLINE  0      55     000000c3 0      
438    RSYM   0      0      00000000 4057   __a:r(4,9)
439    LBRAC  0      0      00000096 0      
440    RBRAC  0      0      000000a5 0      
441    FUN    0      0      f010079f 4068   mon_backtrace:F(0,1)
442    PSYM   0      0      00000008 3949   argc:p(0,1)
443    PSYM   0      0      0000000c 4033   argv:p(0,22)
444    PSYM   0      0      00000010 4046   tf:p(0,23)
445    SLINE  0      59     00000000 0      
446    SLINE  0      61     00000008 0      
447    SLINE  0      62     00000014 0      
448    SLINE  0      63     00000016 0      
449    SLINE  0      66     00000018 0      
450    SLINE  0      67     0000002f 0      
451    SLINE  0      68     00000034 0      
452    SLINE  0      67     00000048 0      
453    SLINE  0      69     00000050 0      
454    SLINE  0      70     0000005c 0      
455    SLINE  0      63     0000005e 0      
456    SLINE  0      75     00000062 0      
457    RSYM   0      0      00000006 4089   ebp:r(0,25)=*(4,9)
458    LBRAC  0      0      00000000 0      
459    RSYM   0      0      00000003 3116   i:r(0,1)
460    LBRAC  0      0      0000002f 0      
461    RBRAC  0      0      00000050 0      
462    RBRAC  0      0      0000006e 0      
463    FUN    0      0      f010080d 4108   monitor:F(0,18)
464    PSYM   0      0      00000008 4046   tf:p(0,23)
465    SLINE  0      125    00000000 0      
466    SLINE  0      128    00000009 0      
467    SLINE  0      129    00000015 0      
468    SLINE  0      133    00000021 0      
469    SLINE  0      134    0000002f 0      
470    SLINE  0      93     00000033 0      
471    SLINE  0      92     0000003a 0      
472    SLINE  0      97     00000041 0      
473    SLINE  0      96     0000004b 0      
474    SLINE  0      98     00000069 0      
475    SLINE  0      102    0000006e 0      
476    SLINE  0      103    00000075 0      
477    SLINE  0      106    0000008b 0      
478    SLINE  0      108    00000094 0      
479    SLINE  0      107    00000097 0      
480    SLINE  0      110    000000b7 0      
481    SLINE  0      113    000000bf 0      
482    SLINE  0      116    000000c7 0      
483    SLINE  0      115    000000f5 0      
484    SLINE  0      116    000000f9 0      
485    SLINE  0      117    000000fe 0      
486    SLINE  0      135    0000011b 0      
487    SLINE  0      119    00000124 0      
488    SLINE  0      138    0000013c 0      
489    LSYM   0      0      ffffffb8 4124   argv:(0,26)=ar(0,27)=r(0,27);0;4294967295;;0;15;(2,2)
490    RSYM   0      0      00000000 3116   i:r(0,1)
491    LBRAC  0      0      00000033 0      
492    RBRAC  0      0      0000011b 0      
493    LSYM   0      0      ffffffb8 4178   argv:(0,26)
494    RSYM   0      0      00000000 3116   i:r(0,1)
495    LBRAC  0      0      00000124 0      
496    RBRAC  0      0      0000013c 0      
497    STSYM  0      0      f0101e34 4190   commands:S(0,28)=ar(0,27);0;1;(0,19)
498    SO     0      0      f0100951 0      
499    SO     0      2      f0100951 4227   kern/printf.c
500    OPT    0      0      00000000 49     gcc2_compiled.
501    LSYM   0      0      00000000 64     int:t(0,1)=r(0,1);-2147483648;2147483647;
502    LSYM   0      0      00000000 106    char:t(0,2)=r(0,2);0;127;
503    LSYM   0      0      00000000 132    long int:t(0,3)=r(0,3);-2147483648;2147483647;
504    LSYM   0      0      00000000 179    unsigned int:t(0,4)=r(0,4);0;4294967295;
505    LSYM   0      0      00000000 220    long unsigned int:t(0,5)=r(0,5);0;4294967295;
506    LSYM   0      0      00000000 266    long long int:t(0,6)=r(0,6);-0;4294967295;
507    LSYM   0      0      00000000 309    long long unsigned int:t(0,7)=r(0,7);0;-1;
508    LSYM   0      0      00000000 352    short int:t(0,8)=r(0,8);-32768;32767;
509    LSYM   0      0      00000000 390    short unsigned int:t(0,9)=r(0,9);0;65535;
510    LSYM   0      0      00000000 432    signed char:t(0,10)=r(0,10);-128;127;
511    LSYM   0      0      00000000 470    unsigned char:t(0,11)=r(0,11);0;255;
512    LSYM   0      0      00000000 507    float:t(0,12)=r(0,1);4;0;
513    LSYM   0      0      00000000 533    double:t(0,13)=r(0,1);8;0;
514    LSYM   0      0      00000000 560    long double:t(0,14)=r(0,1);12;0;
515    LSYM   0      0      00000000 593    _Decimal32:t(0,15)=r(0,1);4;0;
516    LSYM   0      0      00000000 624    _Decimal64:t(0,16)=r(0,1);8;0;
517    LSYM   0      0      00000000 655    _Decimal128:t(0,17)=r(0,1);16;0;
518    LSYM   0      0      00000000 688    void:t(0,18)=(0,18)
519    EXCL   0      0      0000607a 720    ./inc/types.h
520    EXCL   0      0      00000000 2651   ./inc/stdio.h
521    EXCL   0      0      00000650 2665   ./inc/stdarg.h
522    FUN    0      0      f0100951 4241   putch:f(0,18)
523    PSYM   0      0      00000008 4255   ch:p(0,1)
524    PSYM   0      0      0000000c 4265   cnt:p(0,19)=*(0,1)
525    SLINE  0      11     00000000 0      
526    SLINE  0      12     00000006 0      
527    SLINE  0      14     00000011 0      
528    RSYM   0      0      00000000 4284   ch:r(0,1)
529    FUN    0      0      f0100964 4294   vcprintf:F(0,1)
530    PSYM   0      0      00000008 4310   fmt:p(0,20)=*(0,2)
531    PSYM   0      0      0000000c 4329   ap:p(3,1)
532    SLINE  0      18     00000000 0      
533    SLINE  0      19     00000006 0      
534    SLINE  0      21     0000000d 0      
535    SLINE  0      23     0000002e 0      
536    LSYM   0      0      fffffff4 4339   cnt:(0,1)
537    RSYM   0      0      00000000 4349   fmt:r(0,20)
538    RSYM   0      0      00000000 4361   ap:r(3,1)
539    LBRAC  0      0      00000000 0      
540    RBRAC  0      0      00000033 0      
541    FUN    0      0      f0100997 4371   cprintf:F(0,1)
542    PSYM   0      0      00000008 4386   fmt:p(0,20)
543    SLINE  0      27     00000000 0      
544    SLINE  0      31     00000006 0      
545    SLINE  0      32     00000009 0      
546    SLINE  0      36     00000018 0      
547    RSYM   0      0      00000000 4398   cnt:r(0,1)
548    RSYM   0      0      00000000 4349   fmt:r(0,20)
549    LBRAC  0      0      00000000 0      
550    RBRAC  0      0      0000001a 0      
551    SO     0      0      f01009b1 0      
552    SO     0      2      f01009b1 4409   kern/kdebug.c
553    OPT    0      0      00000000 49     gcc2_compiled.
554    LSYM   0      0      00000000 64     int:t(0,1)=r(0,1);-2147483648;2147483647;
555    LSYM   0      0      00000000 106    char:t(0,2)=r(0,2);0;127;
556    LSYM   0      0      00000000 132    long int:t(0,3)=r(0,3);-2147483648;2147483647;
557    LSYM   0      0      00000000 179    unsigned int:t(0,4)=r(0,4);0;4294967295;
558    LSYM   0      0      00000000 220    long unsigned int:t(0,5)=r(0,5);0;4294967295;
559    LSYM   0      0      00000000 266    long long int:t(0,6)=r(0,6);-0;4294967295;
560    LSYM   0      0      00000000 309    long long unsigned int:t(0,7)=r(0,7);0;-1;
561    LSYM   0      0      00000000 352    short int:t(0,8)=r(0,8);-32768;32767;
562    LSYM   0      0      00000000 390    short unsigned int:t(0,9)=r(0,9);0;65535;
563    LSYM   0      0      00000000 432    signed char:t(0,10)=r(0,10);-128;127;
564    LSYM   0      0      00000000 470    unsigned char:t(0,11)=r(0,11);0;255;
565    LSYM   0      0      00000000 507    float:t(0,12)=r(0,1);4;0;
566    LSYM   0      0      00000000 533    double:t(0,13)=r(0,1);8;0;
567    LSYM   0      0      00000000 560    long double:t(0,14)=r(0,1);12;0;
568    LSYM   0      0      00000000 593    _Decimal32:t(0,15)=r(0,1);4;0;
569    LSYM   0      0      00000000 624    _Decimal64:t(0,16)=r(0,1);8;0;
570    LSYM   0      0      00000000 655    _Decimal128:t(0,17)=r(0,1);16;0;
571    LSYM   0      0      00000000 688    void:t(0,18)=(0,18)
572    BINCL  0      0      00001ca6 4423   ./inc/stab.h
573    EXCL   0      0      0000607a 720    ./inc/types.h
574    LSYM   0      0      00000000 4436   Stab:T(1,1)=s12n_strx:(2,9),0,32;n_type:(2,5),32,8;n_other:(2,5),40,8;n_desc:(2,7),48,16;n_value:(2,13),64,32;;
575    EINCL  0      0      00000000 0      
576    EXCL   0      0      000008c7 2475   ./inc/memlayout.h
577    EXCL   0      0      000159c2 708    ./inc/mmu.h
578    EXCL   0      0      00000000 2949   ./inc/assert.h
579    EXCL   0      0      00000000 2651   ./inc/stdio.h
580    EXCL   0      0      00000650 2665   ./inc/stdarg.h
581    EXCL   0      0      0000300f 3655   ./kern/kdebug.h
582    FUN    0      0      f01009b1 4548   stab_binsearch:f(0,18)
583    RSYM   0      0      00000006 4571   stabs:P(0,19)=*(1,1)
584    RSYM   0      0      00000002 4592   region_left:P(0,20)=*(0,1)
585    RSYM   0      0      00000001 4619   region_right:P(0,20)
586    PSYM   0      0      00000008 4640   type:p(0,1)
587    PSYM   0      0      0000000c 4652   addr:p(2,13)
588    SLINE  0      53     00000000 0      
589    SLINE  0      54     00000014 0      
590    SLINE  0      56     00000022 0      
591    SLINE  0      57     00000024 0      
592    SLINE  0      60     00000033 0      
593    SLINE  0      61     00000035 0      
594    SLINE  0      60     00000036 0      
595    SLINE  0      60     0000003d 0      
596    SLINE  0      69     00000049 0      
597    SLINE  0      63     00000057 0      
598    SLINE  0      64     0000005a 0      
599    SLINE  0      70     0000005c 0      
600    SLINE  0      71     00000061 0      
601    SLINE  0      68     00000064 0      
602    SLINE  0      72     0000006d 0      
603    SLINE  0      73     00000072 0      
604    SLINE  0      68     0000007e 0      
605    SLINE  0      78     00000087 0      
606    SLINE  0      80     0000008f 0      
607    SLINE  0      68     00000094 0      
608    SLINE  0      56     0000009b 0      
609    SLINE  0      84     000000a0 0      
610    SLINE  0      85     000000a6 0      
611    SLINE  0      88     000000b3 0      
612    SLINE  0      89     000000b8 0      
613    SLINE  0      88     000000bd 0      
614    SLINE  0      90     000000bf 0      
615    SLINE  0      88     000000c0 0      
616    SLINE  0      89     000000c7 0      
617    SLINE  0      92     000000d0 0      
618    SLINE  0      94     000000d5 0      
619    RSYM   0      0      00000007 4665   type:r(0,1)
620    FUN    0      0      f0100a8e 4677   debuginfo_eip:F(0,1)
621    PSYM   0      0      00000008 4652   addr:p(2,13)
622    PSYM   0      0      0000000c 4698   info:p(0,21)=*(8,1)
623    SLINE  0      106    00000000 0      
624    SLINE  0      112    0000000f 0      
625    SLINE  0      113    00000015 0      
626    SLINE  0      114    0000001c 0      
627    SLINE  0      115    00000023 0      
628    SLINE  0      116    0000002a 0      
629    SLINE  0      117    0000002d 0      
630    SLINE  0      120    00000034 0      
631    SLINE  0      131    0000003c 0      
632    SLINE  0      127    0000004e 0      
633    SLINE  0      131    0000006a 0      
634    SLINE  0      140    00000077 0      
635    SLINE  0      141    0000007e 0      
636    SLINE  0      142    00000097 0      
637    SLINE  0      143    000000b2 0      
638    SLINE  0      148    000000bd 0      
639    SLINE  0      149    000000c0 0      
640    SLINE  0      150    000000c6 0      
641    SLINE  0      152    000000e1 0      
642    SLINE  0      155    000000e9 0      
643    SLINE  0      156    00000107 0      
644    SLINE  0      157    0000010f 0      
645    SLINE  0      165    00000117 0      
646    SLINE  0      166    0000011a 0      
647    SLINE  0      170    0000011d 0      
648    SLINE  0      189    00000136 0      
649    SLINE  0      192    00000143 0      
650    SLINE  0      189    00000149 0      
651    SLINE  0      190    0000014d 0      
652    SLINE  0      191    00000156 0      
653    SLINE  0      191    0000015b 0      
654    SLINE  0      193    00000161 0      
655    SLINE  0      194    00000179 0      
656    SLINE  0      199    00000180 0      
657    SLINE  0      205    00000186 0      
658    SLINE  0      199    0000018b 0      
659    SLINE  0      200    0000018f 0      
660    SLINE  0      203    0000019c 0      
661    SLINE  0      202    000001a0 0      
662    SLINE  0      200    000001a3 0      
663    SLINE  0      201    000001aa 0      
664    SLINE  0      205    000001b0 0      
665    SLINE  0      132    000001b7 0      
666    SLINE  0      144    000001c5 0      
667    SLINE  0      205    000001cc 0      
668    SLINE  0      206    000001d1 0      
669    LSYM   0      0      fffffff4 4718   lfile:(0,1)
670    LSYM   0      0      fffffff0 4730   rfile:(0,1)
671    LSYM   0      0      ffffffec 4742   lfun:(0,1)
672    LSYM   0      0      ffffffe8 4753   rfun:(0,1)
673    RSYM   0      0      00000006 4764   addr:r(2,13)
674    RSYM   0      0      00000003 4777   info:r(0,21)
675    LBRAC  0      0      00000000 0      
676    RBRAC  0      0      000001d9 0      
677    SO     0      0      f0100c67 0      
678    SO     0      2      f0100c70 4790   lib/printfmt.c
679    OPT    0      0      00000000 49     gcc2_compiled.
680    LSYM   0      0      00000000 64     int:t(0,1)=r(0,1);-2147483648;2147483647;
681    LSYM   0      0      00000000 106    char:t(0,2)=r(0,2);0;127;
682    LSYM   0      0      00000000 132    long int:t(0,3)=r(0,3);-2147483648;2147483647;
683    LSYM   0      0      00000000 179    unsigned int:t(0,4)=r(0,4);0;4294967295;
684    LSYM   0      0      00000000 220    long unsigned int:t(0,5)=r(0,5);0;4294967295;
685    LSYM   0      0      00000000 266    long long int:t(0,6)=r(0,6);-0;4294967295;
686    LSYM   0      0      00000000 309    long long unsigned int:t(0,7)=r(0,7);0;-1;
687    LSYM   0      0      00000000 352    short int:t(0,8)=r(0,8);-32768;32767;
688    LSYM   0      0      00000000 390    short unsigned int:t(0,9)=r(0,9);0;65535;
689    LSYM   0      0      00000000 432    signed char:t(0,10)=r(0,10);-128;127;
690    LSYM   0      0      00000000 470    unsigned char:t(0,11)=r(0,11);0;255;
691    LSYM   0      0      00000000 507    float:t(0,12)=r(0,1);4;0;
692    LSYM   0      0      00000000 533    double:t(0,13)=r(0,1);8;0;
693    LSYM   0      0      00000000 560    long double:t(0,14)=r(0,1);12;0;
694    LSYM   0      0      00000000 593    _Decimal32:t(0,15)=r(0,1);4;0;
695    LSYM   0      0      00000000 624    _Decimal64:t(0,16)=r(0,1);8;0;
696    LSYM   0      0      00000000 655    _Decimal128:t(0,17)=r(0,1);16;0;
697    LSYM   0      0      00000000 688    void:t(0,18)=(0,18)
698    EXCL   0      0      0000607a 720    ./inc/types.h
699    EXCL   0      0      00000000 2651   ./inc/stdio.h
700    EXCL   0      0      00000650 2665   ./inc/stdarg.h
701    BINCL  0      0      00001a2c 4805   ./inc/error.h
702    LSYM   0      0      00000000 4819    :T(4,1)=eE_UNSPECIFIED:1,E_BAD_ENV:2,E_INVAL:3,E_NO_MEM:4,E_NO_FREE_ENV:5,E_FAULT:6,MAXERROR:7,;
703    EINCL  0      0      00000000 0      
704    LSYM   0      0      00000000 4917   sprintbuf:T(0,19)=s12buf:(3,2),0,32;ebuf:(3,2),32,32;cnt:(0,1),64,32;;
705    FUN    0      0      f0100c70 4988   printnum:f(0,18)
706    RSYM   0      0      00000000 5005   putch:P(0,20)=*(0,21)=f(0,18)
707    RSYM   0      0      00000007 5035   putdat:P(0,22)=*(0,18)
708    PSYM   0      0      00000008 5058   num:p(0,7)
709    PSYM   0      0      00000010 5069   base:p(0,4)
710    PSYM   0      0      00000014 5081   width:p(0,1)
711    PSYM   0      0      00000018 5094   padc:p(0,1)
712    SLINE  0      38     00000000 0      
713    SLINE  0      40     00000022 0      
714    SLINE  0      41     00000036 0      
715    SLINE  0      45     00000091 0      
716    SLINE  0      44     000000a2 0      
717    SLINE  0      49     000000ac 0      
718    SLINE  0      50     000000e7 0      
719    RSYM   0      0      00000000 5106   base:r(0,4)
720    RSYM   0      0      00000006 5118   width:r(0,1)
721    FUN    0      0      f0100d5f 5131   getuint:f(0,7)
722    RSYM   0      0      00000000 5146   ap:P(0,23)=*(3,1)
723    RSYM   0      0      00000002 5164   lflag:P(0,1)
724    SLINE  0      56     00000000 0      
725    SLINE  0      57     00000003 0      
726    SLINE  0      58     00000008 0      
727    SLINE  0      59     00000016 0      
728    SLINE  0      60     0000001a 0      
729    SLINE  0      62     0000002a 0      
730    SLINE  0      63     00000038 0      
731    FUN    0      0      f0100d99 5177   sprintputch:f(0,18)
732    PSYM   0      0      00000008 4255   ch:p(0,1)
733    PSYM   0      0      0000000c 5197   b:p(0,24)=*(0,19)
734    SLINE  0      264    00000000 0      
735    SLINE  0      265    00000006 0      
736    SLINE  0      266    0000000a 0      
737    SLINE  0      267    00000011 0      
738    SLINE  0      268    0000001b 0      
739    RSYM   0      0      00000000 4284   ch:r(0,1)
740    RSYM   0      0      00000000 5215   b:r(0,24)
741    FUN    0      0      f0100db6 5225   printfmt:F(0,18)
742    PSYM   0      0      00000008 5242   putch:p(0,20)
743    PSYM   0      0      0000000c 5256   putdat:p(0,22)
744    PSYM   0      0      00000010 5271   fmt:p(0,25)=*(0,2)
745    SLINE  0      248    00000000 0      
746    SLINE  0      251    00000006 0      
747    SLINE  0      252    00000009 0      
748    SLINE  0      254    00000026 0      
749    RSYM   0      0      00000000 5290   putch:r(0,20)
750    RSYM   0      0      00000000 5304   putdat:r(0,22)
751    RSYM   0      0      00000000 5319   fmt:r(0,25)
752    FUN    0      0      f0100dde 5331   vprintfmt:F(0,18)
753    PSYM   0      0      00000008 5242   putch:p(0,20)
754    PSYM   0      0      0000000c 5256   putdat:p(0,22)
755    PSYM   0      0      00000010 5349   fmt:p(0,25)
756    PSYM   0      0      00000014 4329   ap:p(3,1)
757    SLINE  0      84     00000000 0      
758    SLINE  0      93     00000011 0      
759    SLINE  0      95     00000019 0      
760    SLINE  0      92     00000023 0      
761    SLINE  0      92     00000025 0      
762    SLINE  0      92     00000030 0      
763    SLINE  0      105    00000050 0      
764    SLINE  0      109    00000052 0      
765    SLINE  0      105    00000058 0      
766    SLINE  0      114    0000005a 0      
767    SLINE  0      150    00000060 0      
768    SLINE  0      105    0000006d 0      
769    SLINE  0      128    00000093 0      
770    SLINE  0      129    0000009a 0      
771    SLINE  0      130    0000009d 0      
772    SLINE  0      127    000000a5 0      
773    SLINE  0      132    000000a8 0      
774    SLINE  0      136    000000aa 0      
775    SLINE  0      105    000000b8 0      
776    SLINE  0      137    000000ba 0      
777    SLINE  0      105    000000cc 0      
778    SLINE  0      145    000000d2 0      
779    SLINE  0      146    000000d9 0      
780    SLINE  0      149    000000de 0      
781    SLINE  0      155    000000e9 0      
782    SLINE  0      105    000000ec 0      
783    SLINE  0      156    000000ee 0      
784    SLINE  0      160    000000f3 0      
785    SLINE  0      161    00000108 0      
786    SLINE  0      165    0000010d 0      
787    SLINE  0      168    0000011d 0      
788    SLINE  0      168    00000122 0      
789    SLINE  0      169    0000012d 0      
790    SLINE  0      171    0000014d 0      
791    SLINE  0      105    0000016d 0      
792    SLINE  0      176    00000176 0      
793    SLINE  0      177    00000181 0      
794    SLINE  0      178    0000018b 0      
795    SLINE  0      179    0000019f 0      
796    SLINE  0      180    000001b3 0      
797    SLINE  0      179    000001c5 0      
798    SLINE  0      180    000001c7 0      
799    SLINE  0      179    000001d3 0      
800    SLINE  0      179    000001d6 0      
801    SLINE  0      182    000001f6 0      
802    SLINE  0      182    000001fc 0      
803    SLINE  0      183    00000207 0      
804    SLINE  0      185    0000021a 0      
805    SLINE  0      181    00000227 0      
806    SLINE  0      181    00000246 0      
807    SLINE  0      181    00000254 0      
808    SLINE  0      181    00000258 0      
809    SLINE  0      187    00000269 0      
810    SLINE  0      186    00000276 0      
811    SLINE  0      186    00000283 0      
812    SLINE  0      70     00000292 0      
813    SLINE  0      71     00000297 0      
814    SLINE  0      72     000002ad 0      
815    SLINE  0      73     000002b1 0      
816    SLINE  0      75     000002c9 0      
817    SLINE  0      192    000002df 0      
818    SLINE  0      197    000002e5 0      
819    SLINE  0      193    000002ea 0      
820    SLINE  0      194    000002f4 0      
821    SLINE  0      195    00000302 0      
822    SLINE  0      197    0000030f 0      
823    SLINE  0      202    00000316 0      
824    SLINE  0      203    0000031e 0      
825    SLINE  0      204    00000323 0      
826    SLINE  0      209    00000325 0      
827    SLINE  0      210    0000032d 0      
828    SLINE  0      211    00000332 0      
829    SLINE  0      216    00000334 0      
830    SLINE  0      217    00000342 0      
831    SLINE  0      219    00000350 0      
832    SLINE  0      218    00000359 0      
833    SLINE  0      220    00000360 0      
834    SLINE  0      221    00000365 0      
835    SLINE  0      225    00000367 0      
836    SLINE  0      226    0000036f 0      
837    SLINE  0      228    00000374 0      
838    SLINE  0      229    00000398 0      
839    SLINE  0      233    0000039d 0      
840    SLINE  0      234    000003a7 0      
841    SLINE  0      238    000003ac 0      
842    SLINE  0      239    000003ba 0      
843    SLINE  0      239    000003be 0      
844    SLINE  0      239    000003c1 0      
845    SLINE  0      244    000003cc 0      
846    RSYM   0      0      00000000 5361   num:r(0,7)
847    RSYM   0      0      00000001 5372   base:r(0,1)
848    RSYM   0      0      00000002 5384   lflag:r(0,1)
849    RSYM   0      0      00000007 5304   putdat:r(0,22)
850    RSYM   0      0      00000003 5319   fmt:r(0,25)
851    LBRAC  0      0      00000000 0      
852    RBRAC  0      0      000003d4 0      
853    FUN    0      0      f01011b2 5397   vsnprintf:F(0,1)
854    PSYM   0      0      00000008 5414   buf:p(3,2)
855    PSYM   0      0      0000000c 5425   n:p(0,1)
856    PSYM   0      0      00000010 5349   fmt:p(0,25)
857    PSYM   0      0      00000014 4329   ap:p(3,1)
858    SLINE  0      272    00000000 0      
859    SLINE  0      273    0000000c 0      
860    SLINE  0      275    0000001d 0      
861    SLINE  0      279    00000025 0      
862    SLINE  0      282    00000046 0      
863    SLINE  0      284    0000004c 0      
864    SLINE  0      276    00000051 0      
865    SLINE  0      285    00000056 0      
866    LSYM   0      0      ffffffec 5434   b:(0,19)
867    RSYM   0      0      00000000 5443   buf:r(3,2)
868    RSYM   0      0      00000002 5454   n:r(0,1)
869    RSYM   0      0      00000000 5319   fmt:r(0,25)
870    RSYM   0      0      00000000 4361   ap:r(3,1)
871    LBRAC  0      0      00000000 0      
872    RBRAC  0      0      00000058 0      
873    FUN    0      0      f010120a 5463   snprintf:F(0,1)
874    PSYM   0      0      00000008 5414   buf:p(3,2)
875    PSYM   0      0      0000000c 5425   n:p(0,1)
876    PSYM   0      0      00000010 5349   fmt:p(0,25)
877    SLINE  0      289    00000000 0      
878    SLINE  0      293    00000006 0      
879    SLINE  0      294    00000009 0      
880    SLINE  0      298    00000026 0      
881    RSYM   0      0      00000000 5479   rc:r(0,1)
882    RSYM   0      0      00000000 5443   buf:r(3,2)
883    RSYM   0      0      00000000 5454   n:r(0,1)
884    RSYM   0      0      00000000 5319   fmt:r(0,25)
885    LBRAC  0      0      00000000 0      
886    RBRAC  0      0      00000028 0      
887    STSYM  0      0      f0102058 5489   error_string:S(0,26)=ar(0,27)=r(0,27);0;4294967295;;0;6;(0,25)
888    SO     0      0      f0101232 0      
889    SO     0      2      f0101240 5552   lib/readline.c
890    OPT    0      0      00000000 49     gcc2_compiled.
891    LSYM   0      0      00000000 64     int:t(0,1)=r(0,1);-2147483648;2147483647;
892    LSYM   0      0      00000000 106    char:t(0,2)=r(0,2);0;127;
893    LSYM   0      0      00000000 132    long int:t(0,3)=r(0,3);-2147483648;2147483647;
894    LSYM   0      0      00000000 179    unsigned int:t(0,4)=r(0,4);0;4294967295;
895    LSYM   0      0      00000000 220    long unsigned int:t(0,5)=r(0,5);0;4294967295;
896    LSYM   0      0      00000000 266    long long int:t(0,6)=r(0,6);-0;4294967295;
897    LSYM   0      0      00000000 309    long long unsigned int:t(0,7)=r(0,7);0;-1;
898    LSYM   0      0      00000000 352    short int:t(0,8)=r(0,8);-32768;32767;
899    LSYM   0      0      00000000 390    short unsigned int:t(0,9)=r(0,9);0;65535;
900    LSYM   0      0      00000000 432    signed char:t(0,10)=r(0,10);-128;127;
901    LSYM   0      0      00000000 470    unsigned char:t(0,11)=r(0,11);0;255;
902    LSYM   0      0      00000000 507    float:t(0,12)=r(0,1);4;0;
903    LSYM   0      0      00000000 533    double:t(0,13)=r(0,1);8;0;
904    LSYM   0      0      00000000 560    long double:t(0,14)=r(0,1);12;0;
905    LSYM   0      0      00000000 593    _Decimal32:t(0,15)=r(0,1);4;0;
906    LSYM   0      0      00000000 624    _Decimal64:t(0,16)=r(0,1);8;0;
907    LSYM   0      0      00000000 655    _Decimal128:t(0,17)=r(0,1);16;0;
908    LSYM   0      0      00000000 688    void:t(0,18)=(0,18)
909    EXCL   0      0      00000000 2651   ./inc/stdio.h
910    EXCL   0      0      00000650 2665   ./inc/stdarg.h
911    EXCL   0      0      00001a2c 4805   ./inc/error.h
912    FUN    0      0      f0101240 5567   readline:F(2,2)
913    PSYM   0      0      00000008 5583   prompt:p(0,19)=*(0,2)
914    SLINE  0      9      00000000 0      
915    SLINE  0      12     0000000c 0      
916    SLINE  0      13     00000010 0      
917    SLINE  0      16     00000020 0      
918    SLINE  0      15     0000002e 0      
919    SLINE  0      18     00000033 0      
920    SLINE  0      19     0000003a 0      
921    SLINE  0      20     0000003e 0      
922    SLINE  0      21     0000004e 0      
923    SLINE  0      22     00000055 0      
924    SLINE  0      22     0000005f 0      
925    SLINE  0      23     00000063 0      
926    SLINE  0      24     00000067 0      
927    SLINE  0      25     00000073 0      
928    SLINE  0      26     00000078 0      
929    SLINE  0      27     00000085 0      
930    SLINE  0      28     00000089 0      
931    SLINE  0      29     00000091 0      
932    SLINE  0      30     0000009c 0      
933    SLINE  0      31     000000a6 0      
934    SLINE  0      32     000000aa 0      
935    SLINE  0      33     000000b6 0      
936    SLINE  0      34     000000bd 0      
937    SLINE  0      37     000000c2 0      
938    RSYM   0      0      00000003 3034   c:r(0,1)
939    RSYM   0      0      00000007 5605   echoing:r(0,1)
940    RSYM   0      0      00000000 5620   prompt:r(0,19)
941    LBRAC  0      0      00000000 0      
942    RBRAC  0      0      000000ca 0      
943    LCSYM  0      0      f0112540 5635   buf:S(0,20)=ar(0,21)=r(0,21);0;4294967295;;0;1023;(0,2)
944    SO     0      0      f010130a 0      
945    SO     0      2      f0101310 5691   lib/string.c
946    OPT    0      0      00000000 49     gcc2_compiled.
947    LSYM   0      0      00000000 64     int:t(0,1)=r(0,1);-2147483648;2147483647;
948    LSYM   0      0      00000000 106    char:t(0,2)=r(0,2);0;127;
949    LSYM   0      0      00000000 132    long int:t(0,3)=r(0,3);-2147483648;2147483647;
950    LSYM   0      0      00000000 179    unsigned int:t(0,4)=r(0,4);0;4294967295;
951    LSYM   0      0      00000000 220    long unsigned int:t(0,5)=r(0,5);0;4294967295;
952    LSYM   0      0      00000000 266    long long int:t(0,6)=r(0,6);-0;4294967295;
953    LSYM   0      0      00000000 309    long long unsigned int:t(0,7)=r(0,7);0;-1;
954    LSYM   0      0      00000000 352    short int:t(0,8)=r(0,8);-32768;32767;
955    LSYM   0      0      00000000 390    short unsigned int:t(0,9)=r(0,9);0;65535;
956    LSYM   0      0      00000000 432    signed char:t(0,10)=r(0,10);-128;127;
957    LSYM   0      0      00000000 470    unsigned char:t(0,11)=r(0,11);0;255;
958    LSYM   0      0      00000000 507    float:t(0,12)=r(0,1);4;0;
959    LSYM   0      0      00000000 533    double:t(0,13)=r(0,1);8;0;
960    LSYM   0      0      00000000 560    long double:t(0,14)=r(0,1);12;0;
961    LSYM   0      0      00000000 593    _Decimal32:t(0,15)=r(0,1);4;0;
962    LSYM   0      0      00000000 624    _Decimal64:t(0,16)=r(0,1);8;0;
963    LSYM   0      0      00000000 655    _Decimal128:t(0,17)=r(0,1);16;0;
964    LSYM   0      0      00000000 688    void:t(0,18)=(0,18)
965    EXCL   0      0      00000000 2708   ./inc/string.h
966    EXCL   0      0      0000607a 720    ./inc/types.h
967    FUN    0      0      f0101310 5704   strlen:F(0,1)
968    PSYM   0      0      00000008 5718   s:p(0,19)=*(0,2)
969    SLINE  0      13     00000000 0      
970    SLINE  0      16     00000006 0      
971    SLINE  0      17     0000000d 0      
972    SLINE  0      16     00000010 0      
973    SLINE  0      19     00000016 0      
974    RSYM   0      0      00000000 5454   n:r(0,1)
975    RSYM   0      0      00000002 5735   s:r(0,19)
976    LBRAC  0      0      00000000 0      
977    RBRAC  0      0      00000018 0      
978    FUN    0      0      f0101328 5745   strnlen:F(0,1)
979    PSYM   0      0      00000008 5760   s:p(0,19)
980    PSYM   0      0      0000000c 5770   size:p(2,16)
981    SLINE  0      23     00000000 0      
982    SLINE  0      26     00000009 0      
983    SLINE  0      27     00000010 0      
984    SLINE  0      26     00000013 0      
985    SLINE  0      26     00000017 0      
986    SLINE  0      29     0000001d 0      
987    RSYM   0      0      00000000 5454   n:r(0,1)
988    RSYM   0      0      00000001 5735   s:r(0,19)
989    LBRAC  0      0      00000000 0      
990    RBRAC  0      0      0000001f 0      
991    FUN    0      0      f0101347 5783   strcpy:F(0,20)=*(0,2)
992    PSYM   0      0      00000008 5805   dst:p(0,20)
993    PSYM   0      0      0000000c 5817   src:p(0,19)
994    SLINE  0      33     00000000 0      
995    SLINE  0      37     0000000a 0      
996    SLINE  0      37     0000000c 0      
997    SLINE  0      40     0000001d 0      
998    RSYM   0      0      00000000 5829   dst:r(0,20)
999    RSYM   0      0      00000001 5841   src:r(0,19)
1000   FUN    0      0      f0101367 5853   strcat:F(0,20)
1001   PSYM   0      0      00000008 5805   dst:p(0,20)
1002   PSYM   0      0      0000000c 5817   src:p(0,19)
1003   SLINE  0      44     00000000 0      
1004   SLINE  0      45     0000000a 0      
1005   SLINE  0      46     00000012 0      
1006   SLINE  0      48     00000023 0      
1007   RSYM   0      0      00000000 5868   len:r(0,1)
1008   RSYM   0      0      00000003 5829   dst:r(0,20)
1009   RSYM   0      0      00000002 5841   src:r(0,19)
1010   LBRAC  0      0      00000000 0      
1011   RBRAC  0      0      0000002b 0      
1012   FUN    0      0      f0101392 5879   strncpy:F(0,20)
1013   PSYM   0      0      00000008 5805   dst:p(0,20)
1014   PSYM   0      0      0000000c 5817   src:p(0,19)
1015   PSYM   0      0      00000010 5770   size:p(2,16)
1016   SLINE  0      51     00000000 0      
1017   SLINE  0      56     00000010 0      
1018   SLINE  0      57     00000014 0      
1019   SLINE  0      60     0000001d 0      
1020   SLINE  0      56     00000023 0      
1021   SLINE  0      63     00000027 0      
1022   RSYM   0      0      00000006 5829   dst:r(0,20)
1023   RSYM   0      0      00000001 5841   src:r(0,19)
1024   FUN    0      0      f01013bf 5895   strlcpy:F(2,16)
1025   PSYM   0      0      00000008 5805   dst:p(0,20)
1026   PSYM   0      0      0000000c 5817   src:p(0,19)
1027   PSYM   0      0      00000010 5770   size:p(2,16)
1028   SLINE  0      67     00000000 0      
1029   SLINE  0      71     00000014 0      
1030   SLINE  0      73     0000001a 0      
1031   SLINE  0      72     00000023 0      
1032   SLINE  0      72     00000027 0      
1033   SLINE  0      74     00000034 0      
1034   SLINE  0      76     00000037 0      
1035   SLINE  0      77     00000039 0      
1036   RSYM   0      0      00000006 5829   dst:r(0,20)
1037   RSYM   0      0      00000002 5841   src:r(0,19)
1038   RSYM   0      0      00000001 5911   size:r(2,16)
1039   FUN    0      0      f01013fc 5924   strcmp:F(0,1)
1040   PSYM   0      0      00000008 5938   p:p(0,19)
1041   PSYM   0      0      0000000c 5948   q:p(0,19)
1042   SLINE  0      81     00000000 0      
1043   SLINE  0      82     00000009 0      
1044   SLINE  0      83     0000000b 0      
1045   SLINE  0      82     00000011 0      
1046   SLINE  0      82     00000018 0      
1047   SLINE  0      84     0000001c 0      
1048   SLINE  0      85     00000024 0      
1049   RSYM   0      0      00000001 5958   p:r(0,19)
1050   RSYM   0      0      00000002 5968   q:r(0,19)
1051   FUN    0      0      f0101422 5978   strncmp:F(0,1)
1052   PSYM   0      0      00000008 5938   p:p(0,19)
1053   PSYM   0      0      0000000c 5948   q:p(0,19)
1054   PSYM   0      0      00000010 5993   n:p(2,16)
1055   SLINE  0      89     00000000 0      
1056   SLINE  0      90     0000000f 0      
1057   SLINE  0      91     00000011 0      
1058   SLINE  0      90     00000017 0      
1059   SLINE  0      90     0000001b 0      
1060   SLINE  0      90     00000022 0      
1061   SLINE  0      95     00000026 0      
1062   SLINE  0      93     00000030 0      
1063   SLINE  0      96     00000035 0      
1064   RSYM   0      0      00000000 5958   p:r(0,19)
1065   RSYM   0      0      00000002 5968   q:r(0,19)
1066   FUN    0      0      f010145a 6003   strchr:F(0,20)
1067   PSYM   0      0      00000008 5760   s:p(0,19)
1068   PSYM   0      0      0000000c 3243   c:p(0,1)
1069   SLINE  0      102    00000000 0      
1070   SLINE  0      103    0000000a 0      
1071   SLINE  0      104    0000000c 0      
1072   SLINE  0      103    00000010 0      
1073   SLINE  0      103    00000013 0      
1074   SLINE  0      106    0000001a 0      
1075   SLINE  0      107    0000001f 0      
1076   RSYM   0      0      00000000 5735   s:r(0,19)
1077   RSYM   0      0      00000001 6018   c:r(0,2)
1078   FUN    0      0      f010147b 6027   strfind:F(0,20)
1079   PSYM   0      0      00000008 5760   s:p(0,19)
1080   PSYM   0      0      0000000c 3243   c:p(0,1)
1081   SLINE  0      113    00000000 0      
1082   SLINE  0      114    0000000a 0      
1083   SLINE  0      115    0000000c 0      
1084   SLINE  0      114    00000010 0      
1085   SLINE  0      114    00000013 0      
1086   SLINE  0      118    0000001a 0      
1087   RSYM   0      0      00000000 5735   s:r(0,19)
1088   RSYM   0      0      00000001 6018   c:r(0,2)
1089   FUN    0      0      f0101497 6043   memset:F(0,21)=*(0,18)
1090   PSYM   0      0      00000008 6066   v:p(0,21)
1091   PSYM   0      0      0000000c 3243   c:p(0,1)
1092   PSYM   0      0      00000010 5993   n:p(2,16)
1093   SLINE  0      123    00000000 0      
1094   SLINE  0      126    0000000c 0      
1095   SLINE  0      128    00000010 0      
1096   SLINE  0      128    00000018 0      
1097   SLINE  0      129    0000001d 0      
1098   SLINE  0      130    00000021 0      
1099   SLINE  0      132    00000038 0      
1100   SLINE  0      131    0000003b 0      
1101   SLINE  0      135    00000040 0      
1102   SLINE  0      139    00000046 0      
1103   RSYM   0      0      00000007 6076   v:r(0,21)
1104   RSYM   0      0      00000001 6086   n:r(2,16)
1105   FUN    0      0      f01014e4 6096   memmove:F(0,21)
1106   PSYM   0      0      00000008 6112   dst:p(0,21)
1107   PSYM   0      0      0000000c 6124   src:p(0,22)=*(0,18)
1108   PSYM   0      0      00000010 5993   n:p(2,16)
1109   SLINE  0      143    00000000 0      
1110   SLINE  0      149    0000000e 0      
1111   SLINE  0      149    00000012 0      
1112   SLINE  0      151    00000019 0      
1113   SLINE  0      152    00000020 0      
1114   SLINE  0      152    00000028 0      
1115   SLINE  0      154    0000002d 0      
1116   SLINE  0      153    00000036 0      
1117   SLINE  0      157    0000003b 0      
1118   SLINE  0      156    00000041 0      
1119   SLINE  0      159    00000044 0      
1120   SLINE  0      161    0000004b 0      
1121   SLINE  0      161    00000050 0      
1122   SLINE  0      163    00000055 0      
1123   SLINE  0      162    00000058 0      
1124   SLINE  0      165    0000005f 0      
1125   SLINE  0      169    00000064 0      
1126   RSYM   0      0      00000007 6144   d:r(0,20)
1127   RSYM   0      0      00000000 6154   dst:r(0,21)
1128   RSYM   0      0      00000006 6166   src:r(0,22)
1129   RSYM   0      0      00000001 6086   n:r(2,16)
1130   LBRAC  0      0      00000000 0      
1131   RBRAC  0      0      00000068 0      
1132   FUN    0      0      f010154c 6178   memcpy:F(0,21)
1133   PSYM   0      0      00000008 6112   dst:p(0,21)
1134   PSYM   0      0      0000000c 6193   src:p(0,22)
1135   PSYM   0      0      00000010 5993   n:p(2,16)
1136   SLINE  0      210    00000000 0      
1137   SLINE  0      211    00000006 0      
1138   SLINE  0      212    0000001f 0      
1139   RSYM   0      0      00000000 6154   dst:r(0,21)
1140   RSYM   0      0      00000000 6166   src:r(0,22)
1141   RSYM   0      0      00000000 6086   n:r(2,16)
1142   FUN    0      0      f010156d 6205   memcmp:F(0,1)
1143   PSYM   0      0      00000008 6219   v1:p(0,22)
1144   PSYM   0      0      0000000c 6230   v2:p(0,22)
1145   PSYM   0      0      00000010 5993   n:p(2,16)
1146   SLINE  0      216    00000000 0      
1147   SLINE  0      220    00000010 0      
1148   SLINE  0      221    00000012 0      
1149   SLINE  0      222    0000001c 0      
1150   SLINE  0      223    00000026 0      
1151   SLINE  0      220    0000002c 0      
1152   SLINE  0      226    00000030 0      
1153   SLINE  0      227    00000035 0      
1154   RSYM   0      0      00000002 6241   v1:r(0,22)
1155   RSYM   0      0      00000001 6252   v2:r(0,22)
1156   FUN    0      0      f01015a6 6263   memfind:F(0,21)
1157   PSYM   0      0      00000008 6279   s:p(0,22)
1158   PSYM   0      0      0000000c 3243   c:p(0,1)
1159   PSYM   0      0      00000010 5993   n:p(2,16)
1160   SLINE  0      231    00000000 0      
1161   SLINE  0      232    00000009 0      
1162   SLINE  0      233    0000000e 0      
1163   SLINE  0      234    00000010 0      
1164   SLINE  0      233    00000014 0      
1165   SLINE  0      233    00000017 0      
1166   SLINE  0      237    0000001b 0      
1167   RSYM   0      0      00000002 6289   ends:r(0,22)
1168   RSYM   0      0      00000000 6302   s:r(0,22)
1169   RSYM   0      0      00000001 3034   c:r(0,1)
1170   LBRAC  0      0      00000000 0      
1171   RBRAC  0      0      0000001d 0      
1172   FUN    0      0      f01015c3 6312   strtol:F(0,3)
1173   PSYM   0      0      00000008 5760   s:p(0,19)
1174   PSYM   0      0      0000000c 6326   endptr:p(0,23)=*(0,20)
1175   PSYM   0      0      00000010 6349   base:p(0,1)
1176   SLINE  0      241    00000000 0      
1177   SLINE  0      246    0000000c 0      
1178   SLINE  0      247    0000000e 0      
1179   SLINE  0      246    00000011 0      
1180   SLINE  0      250    0000001e 0      
1181   SLINE  0      251    00000023 0      
1182   SLINE  0      242    00000026 0      
1183   SLINE  0      252    00000032 0      
1184   SLINE  0      253    00000037 0      
1185   SLINE  0      256    0000003e 0      
1186   SLINE  0      256    00000045 0      
1187   SLINE  0      257    00000050 0      
1188   SLINE  0      258    0000005a 0      
1189   SLINE  0      261    0000005e 0      
1190   SLINE  0      258    00000060 0      
1191   SLINE  0      259    00000065 0      
1192   SLINE  0      261    0000006a 0      
1193   SLINE  0      267    00000072 0      
1194   SLINE  0      268    0000007e 0      
1195   SLINE  0      269    00000086 0      
1196   SLINE  0      270    0000008f 0      
1197   SLINE  0      271    00000097 0      
1198   SLINE  0      272    000000a0 0      
1199   SLINE  0      275    000000a6 0      
1200   SLINE  0      277    000000ab 0      
1201   SLINE  0      279    000000b4 0      
1202   SLINE  0      281    000000bc 0      
1203   SLINE  0      282    000000c2 0      
1204   SLINE  0      283    000000c7 0      
1205   SLINE  0      284    000000ce 0      
1206   RSYM   0      0      00000007 6361   neg:r(0,1)
1207   RSYM   0      0      00000002 5735   s:r(0,19)
1208   RSYM   0      0      00000000 5372   base:r(0,1)
1209   LBRAC  0      0      00000000 0      
1210   RSYM   0      0      00000001 6372   dig:r(0,1)
1211   LBRAC  0      0      00000072 0      
1212   RBRAC  0      0      000000b4 0      
1213   RBRAC  0      0      000000d3 0      
1214   SO     0      0      f0101696 0      

